3.0472902981366605
2.9625703081410686
2.9007807327118305
2.871639061107833
2.850886151144245
2.8332844636105263
2.8174680902569205
2.8054725938270093
2.797140386068156
2.792708729522097
2.7996802129371074
2.8002996846396875
2.791042079672552
2.7933062241123663
2.784814791182827
2.7889138954947854
2.7955769872203655
2.79396660485754
2.7950258848273006
2.796984457434201
2.8003222240149688
2.808928808934165
2.8142142007206288
2.8214263194100915
2.821286924939643
2.829731297306684
2.832833456182869
2.8415112547422567
2.8568567029220944
2.859792296531352
2.8669768881910707
2.8755173707950674
2.8732075575681417
2.8716960275505707
2.879099842757826
2.8835791879917747
2.8867659678444033
2.899820025801734
2.9080552409513962
2.904757100111885
2.9183833288664536
2.9190755805069846
2.922773700874131
2.9247750848081915
2.931193196987154
2.9332710248240708
2.9373301943189163
2.9394386271158774
2.9423195207857797
2.9523228123783993
2.9619224859821167
2.9555785797978316
2.9674096861949186
2.9729585631049096
2.969478700965386
2.9628260150713706
2.971592060884156
2.979466320577485
2.9852143884495725
2.994000140344437
2.9965965532662926
2.998463682439464
2.99750750057976
2.999127110793503
3.007616728318063
3.01379161418839
3.011894187884161
3.02042742645771
3.017124438762959
3.024714527954663
3.030751893808642
3.0311950238656906
3.0304102832095934
3.0413665762121207
3.041016875450169
3.0461927282466155
3.057352176065426
3.0535544948044797
3.0559046453091407
3.0620699946142036
3.06582880471398
3.067622618071949
3.0705749928653483
3.067417143207879
3.077850973386107
3.0827919360586233
3.084588988474742
3.0897531065432595
3.0911259479494917
3.092554388296857
3.0920447282319907
3.104160807239463
3.1004927251223626
3.106748649322045
3.1158997699822026
3.115171285523784
3.1174959065769325
3.1132950654378995
3.124967026339499
3.1240349128673555
3.1208135072554666
3.127915249355909
3.1277847862125703
3.1349355045361236
3.1323541781660387
3.1294865497164883
3.139643088840377
3.1434689262182562
3.139303957947955
3.145123523200853
3.148858167488458
3.153304840133108
3.155526177800896
3.159485522156166
3.1577977683170024
3.1644893320016636
3.163539579467004
3.1664757553016303
3.1691668899656733
3.1674531234055534
3.182485846322522
3.18026449098834
3.1828234943491407
3.182126597208814
3.182964186317746
3.1795904830139237
3.19252276800415
3.193798843407048
3.192913804303362
3.1948976504777877
3.196887085594572
3.1995476460630026
3.2063114800109505
3.205470142997973
3.2097507503159473
3.20909101693376
3.218048236692807
3.216404013843471
3.2185130294599302
3.2237208331724827
3.2218435427943386
3.2170964488008766
3.2286058069034698
3.2326826191753084
3.23365806308152
3.233156368359781
3.2317689278499784
3.2343694358011827
3.237737474003621
3.2412247962196274
3.245117284536784
3.244213437462892
3.251656836436096
3.2579153976822455
3.248458640410355
3.253181843240292
3.2619794149917754
3.2573674185145833
3.2555545199859117
3.266694233616875
3.2713734243682295
3.260444798877275
3.26443365146796
3.2718673648824192
3.276958114209993
3.27478041910304
3.277746821342101
3.2767845097102763
3.2766507519099464
3.2878638403386224
3.279012308992295
3.2852353999804995
3.2860432350320825
3.284926391549964
3.288101310697529
3.287805387592971
3.2893534379431952
3.2932612335967897
3.302488272899018
3.29713584189691
3.3065280193913944
3.3033001674043634
3.3065265118985203
3.310150160471396
3.3095795889376833
3.3122794830895237
3.316318074590323
3.3201159259832327
3.3219970129691014
3.323155449755053
3.3276165475392205
3.324408389594789
3.3261221449687826
3.328209318220908
3.3296470013941426
3.3343892472549155
3.334003549517589
3.3365818332449924
3.3410928176843306
3.3389109246344333
3.344402619892757
3.33516993850422
3.3470373727293286
3.3458484033658062
3.3527975223055884
3.3526575704803374
3.351481217162281
3.3504496944481574
3.355578539501427
3.355177224682941
3.359611579135759
3.3568808084227952
3.355528919480045
3.362804336270078
3.3720126641507955
3.3650597761956456
3.3707630321343256
3.3715001746432764
3.371446081013998
3.369984052981193
3.375827701171208
3.381331557273494
3.381059056423692
3.3771133884345073
3.387676185727543
3.3881454426328728
3.386259287899854
3.3847050014151425
3.3891962557350155
3.391887535195547
3.390367570201658
3.390347997152942
3.393330435809447
3.3968044493578913
3.40072763296137
3.40102608310018
3.4000138163590523
3.4004219131455016
3.404353872464023
3.412709814801247
3.4065282094326195
3.405763083357488
3.409246563392996
3.4115234338512366
3.4147795697369165
3.419216626340886
3.4157984927099045
3.410443842230663
3.4246855034920882
3.4189770454819124
3.4212357831616567
3.4261307397966503
3.429425820621425
3.428891687129539
3.4287748854122366
3.433759646499554
3.4339613448889694
3.433714450716414
3.4347574833427656
3.4382960899823773
3.4422860189789306
3.442972718987723
3.4407260269567956
3.442066659789337
3.4435263987673115
3.444860988202633
3.443232386536263
3.4496157944785013
3.4501920790127496
3.454139454516396
3.4512018666417505
3.4585776351363715
3.4532002360859955
3.452665908786787
3.457180243455692
3.4601650308806824
3.4589897110277192
3.4573248832049885
3.4632853961101953
3.4630311077679097
3.4640901548405765
3.4633799513087027
3.463794839971449
3.466156862776112
3.470518765546309
3.4714763180065162
3.4747588384834396
3.472420731573226
3.4712601216570516
3.474349620659499
3.4769250978141812
3.476502062652112
3.479120408305301
3.483861376662329
3.4805678976970156
3.47998258282033
3.487395160228044
3.482475937862975
3.489534691109512
3.487283163657409
3.4853995155887163
3.4923033972806694
3.4896253465338565
3.4851352921183647
3.4911461624950584
3.488534171934215
3.4903873410168087
3.4955689140232047
3.4961287623069164
3.5000424630221074
3.4970031767870124
3.4960020386969655
3.499309473256967
3.499280223575568
3.50319518132626
3.5039456470307013
3.5039578293536247
3.5021324197832215
3.501939436586365
3.507266884387339
3.508534460310639
3.5048065016497914
3.5079774083286757
3.510496596572045
3.5112166052467
3.510949330797429
3.5128622321135907
3.517223934482068
3.516022102289462
3.51600056772294
3.517817893235321
3.5214971232154677
3.518551040945157
3.5206464234343793
3.518233117406267
3.5210657239793823
3.5231768381231645
3.525856109968457
3.5245178945456686
3.525223262774743
3.5239142811033495
3.528232799935803
3.5258171558834492
3.5281932396088704
3.526524819227537
3.530538456320429
3.533413121690519
3.52946154892548
3.530248708643679
3.533224939954582
3.5302628887398595
3.5363739884578993
3.534226189550802
3.540185298356296
3.537367104619075
3.5374830996654563
3.5390300534149777
3.5429822232248465
3.54052970233832
3.5382726495690937
3.542785710552802
3.5452179135182584
3.5439307796142763
3.5447156162449636
3.5420194933311264
3.5456800575092027
3.5487713467621496
3.548479904999659
3.544924694082564
3.547579415861434
3.5505012959265647
3.5518902098369085
3.5512350701097604
3.5533258478982215
3.551403183369547
3.5566363877449585
3.5539570721318854
3.5559941204819845
3.5560927543842555
3.557003083056412
3.557170740408711
3.556535375591629
3.5572793226849746
3.5614072460856954
3.5603225589333305
3.5622028415693565
3.5608201159255253
3.5637945000589264
3.562049965603697
3.5617005374765753
3.56164626177891
3.5651927937216223
3.563335612458114
3.566241465788246
3.566164717462442
3.569574050489021
3.5712541671884974
3.568203353634488
3.5708250572490567
3.5718553338509094
3.5710466730935666
3.5738013228805223
3.569510737319509
3.5746362149679296
3.573988446585556
3.5743784823120013
3.5751374873861734
3.5772946743319185
3.5775821945632367
3.576952761097408
3.578037131034298
3.5767081775317946
3.578873456874985
3.5789183438594505
3.5809040733629667
3.5816722128498486
3.5826375834480153
3.581708825782864
3.5840789378793283
3.5837734844262634
3.583214362630607
3.5868092298875287
3.5845314410034397
3.5854123030485128
3.5862235930444384
3.5878364689636855
3.58818246744597
3.5912261528529155
3.5913328468865013
3.5893726757042486
3.5901292061529135
3.591056823040109
3.5939484991644917
3.593319686738023
3.5927307058160163
3.5936599383309717
3.592681999421142
3.5946561109937156
3.5959388073461285
3.595734105072227
3.5955436374500738 
3.5969231368328844
3.5958890978345512
3.597620113618878
3.601811036672524
3.5987358958685354
3.5999921425882953
3.600317956588306
3.6008466977252516
3.6006390025404014
3.5993631069674747
3.603569654608999
3.6036627905492096
3.6039932449101078
3.603429477644591
3.602621355946977
3.606467532573755
3.606125782465719
3.6047011888023754
3.6060664626940624
3.60608326989057
3.6079990080055935
3.6089509588531685
3.6088783982242076
3.608083519426798
3.6085792852477483
3.6079036223086822
3.6115301713548638
3.611269427288681
3.61284864577124
3.610689467241782
3.6131300851216883
3.6135564993166587
3.6136059169278862
3.615860939776885
3.6138402475012237
3.616387625406994
3.6159916376340506
3.6157680255321596
3.6180755284654382
3.6182363270760654
3.6183399672128314
3.6203624358107116
3.6187203973186777
3.6186160852822606
3.6205870132399753
3.622948964570826
3.6231870920625218
3.622639426717663
3.621691241090497
3.622347738490618
3.620651201758316
3.6241172073669414
3.623330830859492
3.623762901900906
3.6266168546545536     
3.6264872662356753
3.626851789318568
3.625293634883073
3.626555154967142
3.624737515301383
3.622540206873558
3.625160395917346
3.62703219291956
3.6271943994720846
3.6254102547185774
3.628171668390258
3.627660155984948
3.627424746359528
3.627754292241233
3.6320592319488245
3.6275763643613765
3.629326037928121
3.629829512092279
3.632313606779285
3.632410649301627
3.631727075580849
3.6303047156277497
3.631524108331761
3.631490426545864
3.6333573005711983
3.6335131949673314
3.633773091244391
3.635204986171841
3.6344874808503427
3.636036680545684
3.635211375804079
3.6350343624333075
3.635677414763569
3.6372033267216577
3.6388033987120005
3.637140839557369
3.6383582723483485
3.6392738415743975
3.6382529299191693
3.6393363204422795
3.6404574121083266
3.639802867202892
3.641216547479471
3.640650970829735
3.640524479153456
3.6406606008846722
3.641186872451912
3.6417595691295377
3.644265204531951
3.642520829565513
3.643331920623758
3.644747303722135
3.643548958526142
3.6455167596759828
3.6455001226530865
3.6448654795924105
3.64519589262091
3.6460693149375953
3.6459795211021593
3.6462937685467676
3.645561621835031
3.6477199360658505
3.6471418074864412
3.6480927122762377
3.649500694492222
3.6471527879933836
3.6489136403590616
3.647836533941296
3.6493155231269583
3.649252372216423
3.650200871221657
3.6513232651591867
3.6512412481276857
3.6512725158184867
3.65084099469429
3.6505709744449453
3.6521911743859916
3.651500755419168
3.6534631203750108
3.653332494523072
3.6528015588882083
3.6509730074821465
3.653506986509246
3.653426234627016
3.65503581067093
3.6550069511626457
3.6567779716507007
3.656085904287794
3.6560806339279224
3.6539792089663874
3.655758985855604
3.6558880270328014
3.6570308751340286
3.656899862515453
3.657854099277499
3.65624636462732
3.658620743813056
3.656923799401279
3.658520475832245
3.6595201786237044
3.65901633004095
3.6580955207534767
3.65699007793284
3.6589791506348255
3.6587608251183212
3.6607052649979654
3.6607907809558
3.660086732037312
3.6614091123520422
3.6619120327395867
3.6611759909761536
3.6629785046410763
3.662412162341101
3.6622965337078446
3.6625593562511485
3.66259225041157
3.662820525455761
3.6628942694700997
3.662315897947759
3.663827327049838
3.6633696483292404
3.6635999212393857
3.6640240575079384
3.663810602269925
3.6646853758363442
3.6642987554975455
3.6657754338279225
3.664959653570377
3.6652293452863542
3.665425283577019
3.665376304179603
3.665122298132756
3.666228670034498
3.6661961995042116
3.6673459395887886
3.667172022929551
3.6676389074101943
3.66772519201334
3.667677467119306
3.6694032337294606
3.667612421580598
3.669152278717978
3.6679137117584837
3.66934180811302
3.6698178232241907
3.6697026298524142
3.6706153799207875
3.6699477427763707
3.669928306514192
3.6696298228110935
3.670517430631827
3.670338121707957
3.669681511396504
3.6702693064285903
3.670857216553435
3.6687167094634456
3.671053933740262
3.671736222504203
3.670807935346409
3.6719658749051685
3.6714944721032055
3.672187942117571
3.672839166201464
3.6731491437007713
3.673192275288275
3.673960944664001
3.6735108309436906
3.6736196068466116
3.6733325298742106
3.6729068134142078
3.6736520307013225
3.6738390755336137
3.6756992807900057
3.6758774031743475
3.6747603314212434
3.6755435003997827
3.6749091827791722
3.675270624237997
3.67521837704588
3.675222257273989
3.675630535451022
3.675282789120378
3.6761717989497704
3.6766417069479007
3.676048725135088
3.6763108865492025
3.6761450895715564
3.676904295165585
3.6772049856868727
3.676603890957068
3.677937581491368
3.677305682884282
3.6774285996640153
3.67778397167807
3.6770360380404323
3.678298255122727
3.6787168317795
3.6772456127407267
3.677534895028238
3.679641460891742
3.6779999008333273
3.679688547053202
3.6782130889430893
3.6787450678122497
3.679557556080506
3.6795613527672586
3.679857310951542
3.679984382143362
3.680784981097844
3.6813258678416783
3.6797016406886294
3.679942916131663
3.6806583908456147
3.6804618763462953
3.6806725393764363
3.6805659228342447
3.680701065787891
3.681335073575102
3.6808602708812566
3.681103051538083
3.6826259170671625
3.6821593691421683
3.681691830139922
3.6812860271125953
3.682520108288937
3.682474100675034
3.681722305333389
3.6825593126817835
3.6817588920791087
3.6826344207354347
3.6824861564117946
3.6835134122384776
3.683549583964494
3.6846843073662567
3.6837097578698104
3.683711507032148
3.6830439534514814
3.684032452837839
3.683562689679667
3.6840368732520687
3.6839716395315776
3.6839371680290336
3.683977591245661
3.684076856431024
3.684650534571404
3.6849268498820997
3.6856743218758323
3.6845816780475236
3.6844787024129975
3.684687987624104
3.684841627587337
3.684680890388554
3.685570670498974
3.685676611851003
3.68468176432362
3.684723168579865
3.686037388285423
3.686226835606927
3.685773469145104
3.6856297514819727
3.6864771980584896
3.6859183844895687
3.68639303179182
3.68665371335547
3.6863400568198768
3.6862198584201904
3.6869124255037096
3.6875652069491265
3.6870898863860466
3.687085294855379
3.6879672222440187
3.6876923245736735
3.6879991864080646
3.6878668941583426
3.6876862975093654
3.687379318662073
3.6872355463042568
3.687897447404048
3.687665209840394
3.687964790388903
3.6880557023790614
3.688156398707148
3.6884162256971638
3.68837498987058
3.6885850372584015
3.688185936706999
3.6893932242787137
3.689178770034654
3.6892415153826117
3.689702055710613
3.6886873454972005
3.6887203612445627
3.689607049815219
3.689439606233698
3.6889956161223627
3.6889599109177156
3.6903435635673327
3.6891999174918153
3.6903387369684477
3.690598695712945
3.6904105952015134
3.6903470584864735
3.6893719347345795
3.6910136780522116
3.6902414547784286
3.6899163382217557
3.6901829825968235
3.690260425953489
3.691024546843945
3.6905441980496274
3.690671769356906
3.6909603950757552
3.691109743752106
3.691010169463441
3.6912697481916217
3.691545500348338
3.690745317517871
3.691284146676554
3.6915912219011306
3.6915781962665473
3.6916352405383828
3.691984546163594
3.6919342676488456
3.6909163293671554
3.6920444017820118
3.6926098666001512
3.6921453324767817
3.69200413399961
3.6922735145514296
3.691738901735142
3.691967089851962
3.692009461754263
3.692544712099271
3.6927292761064106
3.692900613619765
3.692423027829605
3.692485003301375
3.6921960193120036
3.6928526055805593
3.693881932409051
3.6932809455341777
3.6929940212212053
3.693668421898708
3.6936362638197364
3.6928902248987954
3.693748513037542
3.693031415823028
3.6930047494987273
3.6934536885586593
3.693503912429953
3.6932497206258343
3.6924763981315616
3.6927431764536673
3.693402002675997        
3.693827868428472
3.6946310606066275
3.6937082613804977
3.6934154640088037
3.693193321668507
3.6940918011966937
3.6942487852109704
3.6938332527537003
3.6935370548750615
3.694005804746418
3.6938607628557034
3.6940814721313013
3.693918132661704
3.694779834109774
3.6938847551318754
3.6948209001127417
3.6949637358068808
3.694568450169248
3.6944765567452755
3.6947448976002573
3.6946429193596364
3.6943958843158287
3.694387564810402
3.6950471826807747
3.694906118654883
3.695568866796587
3.6946962753424013
3.6943524043721565
3.694876622322388
3.6954417636642556
3.6951859448263407
3.6954875818187642
3.695352710632513
3.6952660633369048
3.6957669456083266
3.695876185945283       
3.6952205794271262
3.695285190845538
3.695639436316514
3.6953831414784655
3.6953176784643027
3.695686180921416
3.695983099111863
3.6961539519680358
3.695674249509397
3.6963229728726508
3.696036643387053
3.6959424162851438
3.6960817909025
3.696161680318965
3.6961723315500974
3.696261839063101
3.696071558713246
3.6963971768161454
3.6958918803303575
3.6957042911056615
3.6963821190879687
3.6969173702849147
3.6961038307484126
3.6962834691571964
3.6962872210859614
3.695916751201406
3.6969030570567236
3.6967251131417056
3.6969299559127506
3.696411429630158
3.6961150204841995
3.69728290693161
3.6970562271286553
3.696778926369951
3.6967730482946246
3.6966135706473144
3.6970126306260656
3.6967359683595644
3.6966887522488214
3.6972687231049175
3.697081072126989
3.697173114733999
3.696833534617028
3.696539535182872
3.697217464168661
3.6969501479688964
3.697000686640128
3.6970420488643967
3.6974058820287787
3.6972704714222973
3.697172448045476
3.696912959538902
3.6974645287478998
3.6972454204873118
3.697223852855392
3.697074963903412
3.6976991210975703